-0.012593516209476309
-0.01658354114713217
-0.01658354114713217
0.9818181818181818
0.003366583541147132
0.8983050847457628
-0.0046134663341645885
-0.01658354114713217
0.003117206982543641
0.003366583541147132
1.2553191489361701
-0.01658354114713217
-0.01658354114713217
-0.012593516209476309
-0.016708229426433914
0.6940298507462687
1.9415584415584415
-0.016708229426433914
1.2244897959183674
-0.01658354114713217
1.1734693877551021
-0.01658354114713217
0.7653688524590164
0.280723643169058
-0.01658354114713217
-0.01658354114713217
1.2885906040268456
0.32894736842105265
-0.012718204488778055
-0.016708229426433914
0.37130521421454665
0.003366583541147132
-0.01658354114713217
-0.012593516209476309
1.0277777777777777
0.003366583541147132
0.003366583541147132
1.0961538461538463
-0.01658354114713217
1.4365671641791045
0.566017316017316
1.5396825396825398
-0.012593516209476309
1.3054607508532423
-0.01658354114713217
0.9015625
0.9384236453201971
-0.012718204488778055
0.0032418952618453864
0.003366583541147132
1.430232558139535
0.003366583541147132
-0.012593516209476309
0.017333832148646963
1.3735632183908046
0.017333832148646963
1.2444444444444445
0.017333832148646963
0.01720722951225551
0.03317121835640354
0.017333832148646963
0.022820800598578377
0.017333832148646963
1.2472527472527473
1.297872340425532
0.033295922184811075
1.0695652173913044
1.5512820512820513
0.03317121835640354
0.033295922184811075
0.017333832148646963
0.033295922184811075
0.9553571428571429
1.0277777777777777
0.7129552607630206
0.23874829243906548
0.21914187677626387
0.5472792863038047
0.46860568982286005
0.4386098338880375
0.41208087185736536
0.3921625300559638
0.3990829251157336
0.4872725116769305
0.4036694670653292
0.45230410665041265
0.5785800237956032
0.45611455662710476
0.37231514236832325
0.5347983932050362
0.7782025118571734
0.6063390040501682
0.5114202204656393
0.5229368853009146
0.5014277663587324
0.4617569776961195
0.536550972732193
0.6104810202026119
0.5230482144158144
0.34029415491561116
0.5384031718358737
0.4561230801917136
0.20069739528651429
0.25479969052475276
0.228622175067714
0.34843966310142904
0.38755997093938654
0.30996199090449317
0.6300219845093287
0.2786521106178457
0.7351304658371324
0.5278637000935836
0.2333683579461017
0.17869394549394643
0.37615992660768877
0.48678519023830924
0.5716695655831002
0.740372865038967
0.662490561141994
0.2143861222656425
0.3128102818557092
0.412235213940266
0.19645722345533664
0.6940467875074128
0.9296745815525752
0.9694493646324015
0.5413243870428158
0.28903597477421533
0.38797545089221364
0.43256419506705224
0.37827325966331515
0.4088115180675953
0.32847690153191295
0.3935032075362082
0.6527356998673878
0.5571522300127837
0.5740800865615014
0.45651470564954116
0.49801616643680513
0.8766895109871234
0.7744991970186069
0.7077278771282057
0.5593474101473546
0.531483539946956
0.4634603874426075
0.6575138361979431
0.5299233761787023
0.47319832834192543
0.5266862584836313
0.42373948193666294
0.5734891297926563
0.4533434459848763
0.7161849102181598
0.6244308991197365
0.6132022887252436
0.5135635200957603
0.4058723042225838
0.4080771863947335
0.4963886897177202
0.4095154604207613
0.5417934873258331
0.3221870607118106
